       0.0000000000000000
       0.4493263377704739
       0.9255008384608878
       1.4901190884498181
       2.5252214637763748
       3.6653828715044172
       5.0848503229909765
       6.2786360673611350
       7.6512994233554039
       9.0975017190491254
      10.8101478792690955
      13.1318337489301804
      15.9728700154643075
      18.8280799477301315
      19.9095913929297446
      18.6852735443488207
      16.9568802299845416
      15.0869600534583697
      14.0434862913924725
      13.4040642655280902
      13.3439956776908630
