           1   1.2001389936608277E-011
           2   1.3870797421462277E-011
           3   3.0951506684776484E-009
           4   2.6238190820985933E-012
           5   1.1550845235765372E-010
           6   1.1367273893570954E-012
           7   1.1859896132511964E-011
           8   1.4660237717096234E-012
           9   3.5626096223831601E-012
          10   3.0499069646215560E-012
          11   2.0631697183222291E-011
          12   2.7572213733168202E-012
          13   1.8615420339851595E-012
          14   4.7963682602294885E-012
          15   4.8854798179814519E-012
          16   1.9231458201658967E-012
          17   5.9894310459779684E-013
          18   4.8111021817992772E-012
          19   8.8783180297747407E-013
          20   7.5168312020538473E-011
          21   2.1808770537973029E-012
          22   4.8188116351802522E-012
          23   5.1199775600224490E-012
          24   7.6613420577919058E-012
          25   1.2360508719532624E-012
          26   6.1063977179383448E-012
          27   2.2372814780758529E-012
          28   7.6620348821576571E-012
          29   4.3538429426640318E-011
          30   3.1843848436117703E-012
          31   9.7608446161856182E-011
          32   2.5113414072930544E-012
          33   6.7258958030788856E-012
          34   9.3419944850743446E-013
          35   2.2513800474963710E-011
          36   1.1063895576832653E-012
          37   2.8705039080706167E-011
          38   7.1750348742410559E-013
          39   7.4377175572640333E-011
          40   2.7530095795719439E-012
          41   6.7798736074277026E-012
          42   2.6276146777474020E-013
          43   3.2695335569653906E-011
          44   6.4268940712645132E-012
          45   6.1308234156808405E-012
          46   1.3610632639375681E-011
          47   3.9598297120597379E-012
          48   1.0934537725442778E-012
          49   2.8055217780050609E-012
          50   2.4931250371604180E-012
          51   1.3725214407598016E-012
          52   3.9795728710747972E-011
          53   1.8411296084002203E-012
          54   1.7669473623784535E-010
          55   1.7009108723826256E-012
          56   3.6018816188938731E-011
          57   4.6615704691259473E-013
          58   4.6934232416769963E-010
          59   3.8402714746054839E-012
          60   3.9856377394541456E-011
          61   1.8256146127645017E-012
          62   3.9948636871503518E-011
          63   8.4464789577548748E-013
          64   3.6863261216872919E-011
          65   2.9501861623006961E-012
          66   4.3003849793516235E-012
          67   1.0796691981974386E-011
          68   4.1188091490266825E-012
          69   1.9081298569928952E-010
          70   7.4776668926456392E-012
          71   1.1443547886667281E-011
          72   7.1074762523389798E-012
          73   2.8370895954667751E-011
          74   6.5711835557789288E-012
          75   9.5418397383688768E-012
          76   2.5234119320582202E-012
          77   7.4384978159689198E-012
          78   2.1127085072763818E-011
          79   1.3900291663261274E-011
          80   4.7054994050021104E-012
          81   2.7473415375830936E-012
          82   1.2530142895318805E-012
          83   6.1813599444380608E-012
          84   9.8443235790279890E-012
          85   4.4029422105723128E-012
          86   9.6550263223881669E-012
          87   8.3154158679521459E-012
          88   2.5511594083891905E-012
          89   4.7434400227733928E-012
          90   2.3226806230156639E-012
          91   6.0796783859021905E-012
          92   9.4796763282832008E-013
          93   4.0765578222094970E-012
          94   4.3694727347781872E-012
          95   3.2717542182277062E-011
          96   4.9004183192439818E-012
          97   1.7267638507600881E-011
          98   6.5242229246857686E-012
          99   5.2186695847772217E-012
         100   1.3994953000926898E-012
         101   2.8134005299689232E-012
         102   1.8416912377995617E-012
         103   2.6872459398744764E-012
         104   1.1393288170467997E-011
         105   5.1252487637415523E-012
         106   4.7575678442165606E-012
         107   2.3876634223323251E-012
         108   2.0022517880604972E-011
         109   2.8418472285765738E-011
         110   3.0868371118760863E-012
         111   3.4722047800571060E-012
         112   1.8382278533356352E-012
         113   1.9997362551141217E-012
         114   5.1018720343573114E-012
         115   1.9455273546323530E-012
         116   4.2616120965800670E-012
         117   1.6587534894441218E-012
         118   2.9800085248515367E-012
         119   6.0379787898169904E-012
         120   4.1385695451697692E-011
         121   1.3219207406086212E-012
         122   1.0188472605251448E-011
         123   3.6675838037895460E-012
         124   7.6825338107589930E-012
         125   2.9568122565687684E-012
         126   1.2065287189211059E-011
         127   2.1389074647158912E-012
         128   2.8716760348598373E-012
         129   1.1872369301839923E-012
         130   9.0727978135322271E-013
         131   2.2950263102965189E-011
         132   6.1715935233646708E-012
         133   2.1156819081032144E-012
         134   6.0924008286433637E-012
         135   3.1693443611014222E-012
         136   2.2720031540950366E-012
         137   4.0101673623978201E-011
         138   3.2472818280677223E-011
         139   4.5003831976193943E-010
         140   3.1081057186173412E-012
         141   5.5413243751243014E-012
         142   1.4559353241274039E-012
         143   3.6209298625347831E-012
         144   4.2334682545764058E-012
         145   3.7795007802336244E-011
         146   5.8200032477669404E-012
         147   2.1157928449453067E-012
         148   2.9366257762145614E-012
         149   2.4904580926126801E-011
         150   2.0803597054079381E-012
         151   3.5426403818995290E-012
         152   1.2046603176759530E-011
         153   7.7066082915592328E-012
         154   1.3612731696532369E-011
         155   5.0988484812591454E-012
         156   1.7086628557449082E-012
         157   5.7841664256180933E-012
         158   1.1419183335454313E-011
         159   1.2466965607640231E-011
         160   2.4983106201634141E-011
         161   4.4637667025271311E-012
         162   9.2471967672270851E-011
         163   1.5910106788154189E-012
         164   9.2126063541375188E-012
         165   4.3500043382562615E-012
         166   2.0798592628809784E-011
         167   4.5124872211703245E-012
         168   4.8934133051544306E-011
         169   8.0503043742044488E-012
         170   1.6568128036984947E-011
         171   2.2400440809397050E-012
         172   7.4857206793782223E-012
         173   1.1407032665914112E-012
         174   3.3861637550174897E-012
         175   1.7094566787641243E-012
         176   8.3561006222844091E-012
         177   3.1426111958075917E-012
         178   1.9723577488293462E-012
         179   6.6923956169849356E-012
         180   5.9863940319745375E-012
         181   3.6826794800492303E-012
         182   7.2794997984925232E-012
         183   3.2455285135108512E-012
         184   7.4740167192730609E-012
         185   1.3818537377647910E-012
         186   3.2208120581864749E-011
         187   8.8927929590413555E-013
         188   1.9632674713525925E-011
         189   6.6311460822279903E-013
         190   6.8358629230108241E-012
         191   7.8159536856248564E-013
         192   2.8705563380139810E-012
         193   1.6756982829721834E-012
         194   2.1332826345660682E-012
         195   3.6823494579557979E-011
         196   3.4783246271285166E-012
         197   4.0200369116506173E-012
         198   2.1991828029182245E-012
         199   1.5876124052075132E-011
         200   1.5611139078519054E-012
         201   3.9126134859230264E-012
         202   1.8022381696873731E-012
         203   5.8805932452264343E-012
         204   7.2224873021417717E-012
         205   2.5286199727192100E-011
         206   9.4857636196178179E-013
         207   8.6147811555170431E-012
         208   1.3981787871562912E-012
         209   4.1104355162044305E-012
         210   1.4423274502964997E-012
         211   4.4890760175416568E-012
         212   1.4546009831803559E-012
         213   1.7352455379283687E-011
         214   1.0508874653244150E-011
         215   5.3427137035607311E-012
         216   5.3272227590820784E-012
         217   1.0301496760387994E-010
         218   1.1531630452224184E-011
         219   6.0219030856895663E-011
         220   9.6345670521697090E-013
         221   6.1964817071295686E-011
         222   5.2116276035253841E-013
         223   4.5763218023248928E-012
         224   2.3003812199759382E-011
         225   7.0456999922002250E-012
         226   1.3380414206447050E-011
         227   7.9488809873534046E-012
         228   1.2220266378980847E-011
         229   3.3485123973918115E-012
         230   2.4903737060842597E-012
         231   3.9290567767328187E-011
         232   2.9120125877501895E-012
         233   7.3411093424557619E-012
         234   7.7771675143840224E-012
         235   1.3405748656114544E-011
         236   5.2641512231037549E-012
         237   1.3380853021815014E-011
         238   4.1893243135640954E-012
         239   2.3105527584981172E-012
         240   3.0863178571364269E-012
         241   3.7903550658416344E-012
         242   5.6572849367695938E-012
         243   1.3157335039755280E-011
         244   4.5559978136725967E-012
         245   2.0763459242088258E-012
         246   1.3808518545052237E-011
         247   2.2946813024767860E-013
         248   2.7525294173335898E-012
         249   1.9134721354950919E-010
         250   2.7491288376145944E-011
         251   1.2022407476567835E-012
         252   7.9309803912887308E-012
         253   5.7442899736395069E-011
         254   4.0530211385760073E-011
         255   6.5152397970233754E-011
         256   1.4951747582921245E-012
         257   3.5799593661553104E-012
         258   6.9646793887104195E-012
         259   7.8105682306680896E-012
         260   8.6727632180256728E-011
         261   1.0544680494374841E-009
         262   1.9530811235802011E-009
         263   1.1603726397770561E-011
         264   1.2281012677817746E-009
         265   2.3773751441531422E-012
         266   5.6022273118362155E-012
         267   2.3751023157117928E-011
         268   5.4779113651070027E-012
         269   3.1846743042834559E-012
         270   6.5537487579366745E-012
         271   3.0105217102575737E-012
         272   6.0207080026267094E-012
         273   4.1264612201855120E-012
         274   5.6067588710702341E-012
         275   2.7554716090316681E-011
         276   2.7162900184828349E-012
         277   8.0609359427751152E-012
         278   4.5962883125944462E-012
         279   2.8076673601189700E-011
         280   8.0829064239926308E-012
         281   7.4173794043800351E-013
         282   3.2210113833249890E-012
         283   4.2689613743515702E-013
         284   4.9371191994241836E-012
         285   1.9465704910141768E-012
         286   1.1856053028987777E-009
         287   6.3535505093497521E-011
         288   1.7710381792072107E-011
         289   4.3309761527028005E-012
         290   1.9534387542993871E-011
         291   1.8939243158877406E-012
         292   2.1377782204272111E-012
         293   1.0563134628987411E-011
         294   1.0599548624307504E-012
         295   6.5631256424266979E-012
         296   3.6054527478512385E-012
         297   3.7244638954911960E-010
         298   1.9890981495539443E-012
         299   1.0322587523868192E-011
         300   3.6403095231550791E-013
         301   9.7894508934646388E-012
         302   1.3180410103494680E-012
         303   3.6848030078367977E-011
         304   8.1136435967268981E-011
         305   6.0166067492044415E-011
         306   5.7576347431187050E-011
         307   1.0001719163356215E-011
         308   1.4517982474662019E-011
         309   9.2777006248756869E-013
         310   2.2036686157333263E-012
         311   2.9632758997444479E-010
         312   1.3540431583302576E-010
         313   2.4855752289450532E-011
         314   4.1320854889803474E-012
         315   8.9669316261658006E-012
         316   2.5561390397866171E-012
         317   7.2411785608742391E-012
         318   3.5977583605483688E-012
         319   5.7872706385119542E-010
         320   9.5986950805684747E-012
         321   1.1639835133999677E-011
         322   2.1849272782327355E-011
         323   1.6560117876147652E-011
         324   5.9446696484960217E-011
         325   5.5076060591661806E-013
         326   1.3641778523734599E-011
         327   5.0861125350051335E-013
         328   4.5483832051990428E-010
         329   2.3293325183271138E-012
         330   9.2382243597518547E-010
         331   1.6691811634503514E-012
         332   7.9839198606159557E-012
         333   1.1372372708503880E-012
         334   1.5142256009779549E-011
         335   1.2312733512927365E-012
         336   2.5370066767426187E-012
         337   6.7006868722079753E-011
         338   1.8017654096250470E-011
         339   4.9175396935551789E-012
         340   7.7474043721983195E-010
         341   1.4916643259520343E-011
         342   5.2488645718471528E-012
         343   4.4783314435155211E-012
         344   8.8944318383138625E-012
         345   1.2916644427851227E-011
         346   1.0720022780291164E-012
         347   3.0294710532957533E-011
         348   1.2926794083367381E-012
         349   6.8841347309791906E-012
         350   2.9586010107046220E-012
         351   1.1878327805775015E-009
         352   2.7741968787225501E-012
         353   1.8810297628041935E-011
         354   8.7389214238582570E-012
         355   2.5286015680887682E-010
         356   1.8563344844473676E-011
         357   1.2224260122763635E-011
         358   1.2582316864426621E-011
         359   3.7835855921120209E-012
         360   1.9394764951040623E-012
         361   4.0745854213768456E-012
         362   5.9129742565029943E-012
         363   6.4478469467351663E-012
         364   7.9459366017780288E-012
         365   5.0785543159020625E-011
         366   1.1079005155102849E-011
         367   1.1696310202245684E-010
         368   1.1332967976714178E-010
         369   3.8693909393181117E-009
         370   9.6492500062094952E-011
         371   1.0319442233327247E-011
         372   2.2774940318099699E-011
         373   3.9877495302406710E-012
         374   1.0619812634378986E-011
         375   1.5280875380430017E-011
         376   7.0275695388904786E-011
         377   9.0293905104896345E-012
         378   1.2118784918632286E-011
         379   6.5573906069379585E-012
         380   1.0851026112432514E-010
         381   1.4765529747513693E-011
         382   1.5564039036961833E-011
         383   9.4037864256671698E-012
         384   1.9366569048977797E-011
         385   2.3761854376167132E-012
         386   1.8585590543314245E-011
         387   3.7001522975837851E-012
         388   1.8778913600867920E-012
         389   7.3883243442119509E-012
         390   2.7192521509120270E-012
         391   4.0650931752058284E-011
         392   8.2191706529786430E-012
         393   3.2594979876306228E-011
         394   2.3434381739258450E-011
         395   5.7796715576487455E-012
         396   5.3171381854881845E-013
         397   6.4559544276781421E-012
         398   5.1082643301853256E-013
         399   4.4980601297578523E-011
         400   1.0435217364543255E-011
         401   2.0771109886634190E-011
         402   5.0740516157246674E-012
         403   5.2622416563152084E-011
         404   1.4618936996257414E-012
         405   1.1744480879932374E-012
         406   3.5208049047978387E-011
         407   2.9720811609498561E-012
         408   2.8149006151190885E-012
         409   5.1571773871104490E-012
         410   3.5049907521292986E-012
         411   1.9441396491635835E-012
         412   5.1346117439938398E-012
         413   2.1710455085155958E-012
         414   3.2351203429130306E-012
         415   1.9957683471323283E-012
         416   1.3124543782108688E-010
         417   9.4382976914298496E-012
         418   8.3007672412787246E-012
         419   2.8071901695892488E-011
         420   1.4004893442439024E-011
         421   3.5631605208147293E-012
         422   7.4098630535016547E-013
         423   2.9622315296820297E-011
         424   1.6039156431490053E-011
         425   6.0135334718663182E-011
         426   5.5612631758934216E-012
         427   2.2992289622633642E-011
         428   6.7842397841708501E-012
         429   9.8729845553883345E-010
         430   2.3189276331853680E-011
         431   4.7601456730839355E-011
         432   6.4901016221355064E-012
         433   3.6832470463567212E-010
         434   2.5401062808846275E-012
         435   1.2581771863710909E-010
         436   2.3713260260580758E-012
         437   3.0878321319120513E-010
         438   1.9037141994766449E-012
         439   8.1940506277822343E-012
         440   1.6624115924921234E-011
         441   3.3871162184763672E-010
         442   2.0926855055586116E-012
         443   2.4762066775448230E-011
         444   2.8092905501735395E-010
         445   2.4593521433131062E-010
         446   2.1727562120383383E-012
         447   3.0046080749308712E-012
         448   9.0218617840604916E-012
         449   3.6210910976289371E-011
         450   6.6705439119476217E-012
         451   6.2427384296645135E-012
         452   4.5799446678426779E-009
         453   9.4273775084827226E-012
         454   4.1600313841349388E-012
         455   7.4733446524694601E-013
         456   4.9448127594000891E-011
         457   5.9165632275652495E-013
         458   2.0212854093578094E-012
         459   1.5488816945710054E-011
         460   3.6313256618365337E-011
         461   1.1518604716234239E-011
         462   3.4852377295615938E-012
         463   1.3593128191536268E-011
         464   2.7453980191153059E-012
         465   5.5578319915680160E-012
         466   2.4774722978180232E-012
         467   4.2242825415557999E-012
         468   3.2802137517781059E-012
         469   3.0634587266342315E-011
         470   2.1867519291959654E-012
         471   6.8158329943694597E-012
         472   3.6074272888042612E-012
         473   2.7457592607163165E-012
         474   3.5901943243361404E-012
         475   5.8914507962864603E-011
         476   9.1375110776682428E-012
         477   4.1075261983664947E-011
         478   2.3739648508845563E-011
         479   1.8309752504254463E-011
         480   1.2425839160509347E-012
         481   4.3039617877415181E-010
         482   1.5639065768784942E-012
         483   9.9880174360415681E-012
         484   8.9948669486170868E-013
         485   7.4465997394766621E-011
         486   9.4898643599494643E-012
         487   6.2484100952318645E-012
         488   5.9039732166685623E-012
         489   1.2255534110918387E-011
         490   8.9061882199392390E-013
         491   1.3736339525887426E-012
         492   6.6506414017517210E-012
         493   9.7365867502191451E-011
         494   2.7286477764367889E-012
         495   2.4010034568129471E-011
         496   1.6405065570460362E-011
         497   3.2698364078856381E-011
         498   5.4218620118848038E-012
         499   3.5847722213178143E-012
         500   1.4927172516338759E-011
         501   4.9574242851619552E-012
         502   1.5287608490282394E-011
         503   2.4888623023834758E-012
         504   3.7669749486901206E-011
         505   2.7381480717547403E-012
         506   1.3471446623853706E-011
         507   2.7566136329011690E-012
         508   8.7564815789054488E-011
         509   9.4470458702046166E-013
         510   4.7461435438638787E-012
         511   1.3694973062184840E-012
         512   8.0631879159298694E-012
         513   1.2474841045432919E-011
         514   1.4583231835950854E-011
         515   9.8172560779594922E-012
         516   2.1264340620630957E-012
         517   6.2187983860301425E-012
         518   2.7354799371786714E-012
         519   1.1348433737263794E-011
         520   6.1632264638812387E-012
         521   6.5977997594389764E-012
         522   4.8914275191253444E-012
         523   4.4121153743986750E-012
         524   8.1474484093007553E-012
         525   3.3422148363909274E-012
         526   7.8978652873725535E-012
         527   3.4688750866972980E-012
         528   1.7498107549736041E-011
         529   5.7207666975372408E-012
         530   1.5432165157190661E-011
         531   2.7398620057295662E-012
         532   1.1590323797498934E-011
         533   3.0829106546215698E-012
         534   3.1166778980254508E-012
         535   3.5438897548504211E-012
         536   3.8522934842666240E-012
         537   6.3011853783324008E-012
         538   2.3880074980397082E-012
         539   1.5807243295149587E-011
         540   3.7148292197657701E-012
         541   3.4433073341447065E-010
         542   1.0855426429082552E-011
         543   2.2490754922460287E-011
         544   1.7103991929318285E-012
         545   3.9955827683526829E-011
         546   3.4674295602337837E-012
         547   1.2712349764962944E-010
         548   1.1125899456531291E-011
         549   4.1162933735396151E-011
         550   3.2294697377331299E-012
         551   4.1478614804014657E-012
         552   9.2276840261644102E-012
         553   1.8933566626847530E-011
         554   6.5970660494795641E-012
         555   4.6551118454618409E-011
         556   9.2566724706865195E-012
         557   1.8189269954668621E-011
         558   4.2263034592297401E-012
         559   1.1319921284096564E-012
         560   8.4255860509380066E-012
         561   3.6424892474028602E-011
         562   3.7158958530894634E-011
         563   1.5282341136106300E-009
         564   1.6423780971996057E-011
         565   3.3304861450071434E-010
         566   1.0217783321588564E-011
         567   6.2690862642943710E-010
         568   1.8376228103005524E-011
         569   5.2391712045982947E-012
         570   1.2550757795954928E-011
         571   9.3858414314151366E-012
         572   5.2359503663037674E-012
         573   1.8387029988065876E-011
         574   1.4565058057230983E-011
         575   1.7357188615203170E-011
         576   4.8178856587084865E-012
         577   4.1213286267792604E-012
         578   2.0045233163766157E-011
         579   4.5751748007921362E-012
         580   1.5111814415136146E-011
         581   1.9313218545809187E-012
         582   6.6968839809653571E-011
         583   4.4188789006358046E-012
         584   6.6151997456422528E-012
         585   1.5589555939725007E-011
         586   1.3864014573060767E-012
         587   1.3824643992648944E-011
         588   1.0160885461735495E-012
         589   2.2416387262010560E-010
         590   3.6192776433889691E-012
         591   8.0043050586356689E-012
         592   3.1496402372198532E-012
         593   1.0060065655504046E-011
         594   1.8924303337005091E-012
         595   1.8326655403291164E-012
         596   3.8899627046374589E-011
         597   1.1671124785811713E-011
         598   8.5389067350065510E-012
         599   1.5832502138577547E-011
         600   1.3294843358830565E-010
         601   1.8793054539247783E-012
         602   5.6608556057808576E-012
         603   2.7077129945177265E-012
         604   3.4970239985623510E-011
         605   2.0390069324552707E-012
         606   8.3061358514948547E-012
         607   1.0626490077101205E-011
         608   9.8677604466325964E-012
         609   9.5820740130458961E-012
         610   2.2707900594528790E-011
         611   8.2160543699519063E-011
         612   4.9682054399765417E-012
         613   1.7594560714476638E-012
         614   1.5566771728160217E-009
         615   1.3367291067825203E-012
         616   2.6238788613792393E-011
         617   2.1788580316382193E-012
         618   2.2564368168129494E-010
         619   4.1645143906299188E-013
         620   3.4417801717450024E-011
         621   1.4467636190859018E-012
         622   3.6738527850862704E-010
         623   3.1287353233066094E-012
         624   9.6396432333287800E-012
         625   2.4786179779720657E-011
         626   5.9319935126399417E-011
         627   1.9028588820056420E-011
         628   4.4147340095149027E-012
         629   2.1101125379978094E-011
         630   1.0765459622376825E-011
         631   4.4939842140666221E-012
         632   3.5155948623433444E-011
         633   5.6576233024501051E-012
         634   1.0844962339523574E-010
         635   8.8827835495268691E-012
         636   6.3913450723215852E-011
         637   9.1214334453783240E-011
         638   3.4973067083446387E-012
         639   4.1612177470174753E-012
         640   5.1109736232860494E-011
         641   6.2037882399970821E-012
         642   1.9640810201144235E-011
         643   3.3697402227533854E-012
         644   3.0270091591783134E-011
         645   9.5070507111830376E-012
         646   8.8720864805000184E-012
         647   1.1162463526567153E-010
         648   1.7301775579124138E-011
         649   4.3916381407846920E-011
         650   4.2520023180554098E-012
         651   5.8045610489587039E-012
         652   1.9137229002287979E-012
         653   1.5120230874522022E-011
         654   2.3008580143071901E-012
         655   6.6023689634600744E-012
         656   8.0934681509101022E-012
         657   4.7276679276014513E-012
         658   1.4881267602610213E-011
         659   1.9042708918635794E-011
         660   9.2206447235030968E-012
         661   4.7632178690700354E-012
         662   1.5180808483816968E-011
         663   1.5080869005475395E-011
         664   1.9620898480418765E-011
         665   2.6714571806662611E-012
         666   1.0525047456467764E-010
         667   1.5399191303723433E-012
         668   7.3631991264347628E-012
         669   4.7876509258859418E-012
         670   8.8496900423475624E-012
         671   9.7128145068246979E-012
         672   2.6861619277211154E-011
         673   1.9192791169441427E-010
         674   3.7396562532238388E-012
         675   1.0546885666247208E-010
         676   1.7790726058624121E-012
         677   2.5637735060099640E-011
         678   2.3318024049308240E-012
         679   2.9954382327466064E-012
         680   1.1720486327675784E-011
         681   6.0072752017484793E-011
         682   7.4914839662947538E-012
         683   2.1010960986250852E-011
         684   2.2538344402815928E-011
         685   1.2517278229221044E-011
         686   1.7034767120843178E-011
         687   6.3901251258124229E-011
         688   2.5604641722521631E-012
         689   1.0310522627410483E-010
         690   3.3858582735847228E-011
         691   1.0547266467894756E-010
         692   4.7099876569509249E-010
         693   4.2650226039930636E-012
         694   1.0920980904062238E-012
         695   2.0618239754209427E-011
         696   3.3054738158374894E-012
         697   4.1557774724077327E-012
         698   1.2102378534535196E-011
         699   3.0601516631774223E-011
         700   5.0564063400614885E-012
         701   4.7780329524579297E-012
         702   2.5909362420281177E-010
         703   5.3610625098653825E-012
         704   1.1751133423243602E-011
         705   1.0145460888344158E-011
         706   6.2096804434479794E-010
         707   2.7843033922115821E-012
         708   3.7578228202759338E-011
         709   3.0573762859710535E-012
         710   8.5698615907018357E-012
         711   1.1858083915120011E-012
         712   2.4339172527877899E-012
         713   9.5338886458009120E-012
         714   2.2671043189776066E-011
         715   3.3052668447651123E-011
         716   8.6203257849648008E-012
         717   9.4035327513359481E-010
         718   4.7527736575498800E-012
         719   1.0495073527966236E-010
         720   1.9878255507294888E-012
         721   1.9849120784251787E-010
         722   6.2467415342874391E-012
         723   1.6889395369998792E-011
         724   1.1166405959619689E-010
         725   1.6936848703874958E-011
         726   9.1778532215949255E-012
         727   1.8008108708675383E-012
         728   5.6555679564291026E-010
         729   3.6303949653306236E-012
         730   9.5807109050295963E-011
         731   3.0665273121141198E-012
         732   6.3858462376366877E-010
         733   2.6462051275196547E-012
         734   5.5124161360558505E-010
         735   1.2667829737877725E-011
         736   9.7482203200218361E-012
         737   8.4635381822005170E-012
         738   1.1397753928768157E-012
         739   1.9844566476816589E-011
         740   3.6865109616523814E-012
         741   3.5175889337777973E-010
         742   1.8797562563510809E-012
         743   2.4068021357337989E-008
         744   3.8587840296768624E-012
         745   2.5297133623117651E-010
         746   5.4312539902801474E-011
         747   3.7607523206231680E-009
         748   2.5170332124258732E-011
         749   3.4816794622756239E-012
         750   2.9093327347183361E-010
         751   8.8130600423379789E-011
         752   1.8827778594711174E-011
         753   4.6564998786012501E-012
         754   4.3710803415006620E-009
         755   1.9046639260749510E-012
         756   2.4213588690378784E-011
         757   2.6685571944697060E-011
         758   9.5552660135924289E-010
         759   7.2378482125079904E-012
         760   2.8239247764968817E-011
         761   1.7028396237243833E-010
         762   7.6570423984512106E-012
         763   2.7963908136833038E-011
         764   1.4363943575856751E-012
         765   6.9341164665320870E-012
         766   1.0236169145572077E-011
         767   3.1443437950882129E-011
         768   5.2799650204211595E-010
         769   3.5458755593921184E-011
         770   6.0805320829291184E-011
         771   1.2601327479948648E-010
         772   9.1992747753636204E-012
         773   1.0638111960675892E-011
         774   6.0977391134902611E-010
         775   1.1952196476580964E-011
         776   1.1775711194790970E-010
         777   6.7481117933790927E-012
         778   1.5104157182826309E-011
         779   1.2342878597980676E-012
         780   2.9142724756293608E-010
         781   5.8537579573806401E-012
         782   1.4908086847085690E-011
         783   3.3675797887398493E-011
         784   6.5983741634295880E-011
         785   7.1458093576795039E-012
         786   3.0434999809806107E-010
         787   2.1488358838470501E-011
         788   6.1874925943702529E-011
         789   7.0114355189824647E-012
         790   4.1670967878921782E-012
         791   1.2040110088903151E-009
         792   1.1023176036973338E-011
         793   1.6731417484810410E-010
         794   7.1550546807273858E-010
         795   1.9065217967272629E-011
         796   7.9004177954861743E-012
         797   1.0406253656790186E-012
         798   1.0665761991148372E-009
         799   5.2300008357461799E-011
         800   1.2454151477919740E-009
         801   8.0739861301923119E-012
         802   1.4951950697550748E-009
         803   4.9069652950737082E-011
         804   9.1115829196041101E-012
         805   8.8467397774375110E-013
         806   1.7390067642416192E-009
         807   6.7314019028902899E-012
         808   5.7684870637524249E-011
         809   2.7195469437447302E-011
         810   5.2661229618772423E-010
         811   1.0993062041421944E-011
         812   4.4839626202466188E-011
         813   1.5316549156697144E-011
         814   3.8249184448520313E-011
         815   5.3482211342342250E-011
         816   1.4393532584967086E-010
         817   6.6194357044705665E-012
         818   6.0980898748270924E-011
         819   8.3963229387190291E-011
         820   7.4574573716092742E-011
         821   2.3138681249370764E-012
         822   4.7840565127710839E-012
         823   4.3635835194034002E-011
         824   4.4425445805891479E-012
         825   3.3181337781316955E-011
         826   8.5245169339006306E-012
         827   8.2477374150460669E-011
         828   3.6655038502523679E-012
         829   1.4039707814871429E-010
         830   3.1060544327513478E-012
         831   4.3231432075416346E-011
         832   5.0884843070316631E-012
         833   2.1367652850090177E-010
         834   1.8788367456110970E-012
         835   3.1053488540935733E-011
         836   3.7406773217560180E-010
         837   1.3847724854677800E-011
         838   5.0268857874654097E-012
         839   3.5271094243981800E-012
         840   5.4571688072168111E-012
         841   2.6254667023950242E-012
         842   4.8048020357220834E-012
         843   4.4718597665849529E-012
         844   3.6691069489598512E-011
         845   5.6484976580380047E-012
         846   1.6926897563746117E-011
         847   1.0724095948568595E-011
         848   1.4526675181295994E-011
         849   2.3955974786858953E-011
         850   4.5824750601549644E-012
         851   7.0062654162192329E-011
         852   1.5323897788075002E-010
         853   2.5279879804609345E-011
         854   1.1933159098291514E-011
         855   9.1159664334146825E-012
         856   2.3981180230812859E-011
         857   2.0776456225246109E-011
         858   2.9096420499012566E-011
         859   4.6287490535412718E-011
         860   3.9514661864759772E-012
         861   6.5688231737278298E-012
         862   7.5794714322868366E-012
         863   4.3670197098275498E-012
         864   1.8956648175063022E-010
         865   1.7973199850155514E-011
         866   4.7699324262946312E-012
         867   2.6743061452583797E-012
         868   2.4865580928707839E-012
         869   1.6252877147517250E-011
         870   5.0844445001690933E-012
         871   6.8904056594036047E-012
         872   2.8030250012935190E-012
         873   1.1636227252303164E-011
         874   5.0788554817522990E-012
         875   4.5127879503325180E-012
         876   1.7281384028213261E-012
         877   4.0120941738723926E-012
         878   4.4848134123350216E-012
         879   2.1332257133458957E-012
         880   1.6840606997881204E-011
         881   1.9520885455778407E-012
         882   2.3261753602583472E-011
         883   1.8274836327724187E-012
         884   1.7768339226806372E-011
         885   1.8480244535379854E-012
         886   4.5588623972751443E-012
         887   3.7105768271652837E-012
         888   3.4838817002682255E-012
         889   1.5794651277413038E-012
         890   2.0592176247841140E-011
         891   5.8410917263692072E-012
         892   3.8139931056659422E-012
         893   1.8751421005325577E-012
         894   3.7240289441751375E-012
         895   6.3030024954073332E-012
         896   8.2551826355678586E-012
         897   4.8794756722390735E-012
         898   2.3914189369891006E-012
         899   2.4943203356155343E-012
         900   3.3847880249739174E-012
         901   1.1476951368154897E-012
         902   4.7011943167790810E-012
         903   2.4888868557387033E-012
         904   2.9997945668282544E-012
         905   1.7096081696582332E-012
         906   1.3241800130198646E-011
         907   2.6187435261345734E-012
         908   2.8043479859628956E-012
         909   2.7127294478860499E-012
         910   1.9464869662217695E-012
         911   2.7315514099942579E-012
         912   1.7212999790302678E-012
         913   3.8952295419825276E-012
         914   1.8493081081976669E-011
         915   3.0157792456189286E-012
         916   1.0097998613412476E-011
         917   2.9014602543241272E-012
         918   2.5361111221589668E-011
         919   2.4359006266150989E-012
         920   6.6827072413507099E-012
         921   1.8248214800498779E-011
         922   1.5529423275890323E-012
         923   1.7084587729274548E-012
         924   2.4992570228731812E-012
         925   4.3211431199640187E-012
         926   2.1478072277216895E-012
         927   3.2927653795805535E-012
         928   9.6362758247192996E-012
         929   6.7095681338727063E-011
         930   6.2986182513538587E-012
         931   1.7538244572646323E-010
         932   1.2189752139439395E-012
         933   3.5223450477813568E-012
         934   7.3900203275115460E-012
         935   3.1853574636411199E-011
         936   1.1860112846103809E-012
         937   1.2990539932610649E-011
         938   1.3914569440371636E-012
         939   1.7057296084186649E-011
         940   1.8582333617941792E-012
         941   2.6626772790999827E-012
         942   1.9848130726039841E-011
         943   4.5371926438430882E-012
         944   1.3084411292458788E-012
         945   8.0241310613090246E-012
         946   4.2815372689438060E-012
         947   2.4434799507997704E-011
         948   4.6473820412747930E-012
         949   4.3556289832703783E-012
         950   8.2953233604303579E-012
         951   2.7923884199728945E-012
         952   1.7913604499667971E-012
         953   3.5688028946155849E-012
         954   7.2913053494350297E-012
         955   1.9397656279951635E-012
         956   1.4790302645191424E-012
         957   1.2349864453919575E-011
         958   3.6730130686739089E-012
         959   1.5196338592620333E-011
         960   1.0258045673442504E-011
         961   2.6864726810426027E-012
         962   1.6800429517414829E-011
         963   1.7637402725929245E-012
         964   2.0469699208293005E-011
         965   5.9254645091652790E-012
         966   1.9917800021033733E-011
         967   1.3975293233450000E-012
         968   9.0528679257585820E-012
         969   6.4725217539407948E-012
         970   2.6990455618681218E-012
         971   1.4877518828361296E-011
         972   6.1452842913819714E-012
         973   7.7721144098928897E-012
         974   4.6418500574106009E-012
         975   8.2882148579585630E-012
         976   4.2121860538647762E-012
         977   1.4943980964868437E-012
         978   2.1387313461702694E-012
         979   6.9686512374087267E-012
         980   2.3339039031275152E-012
         981   4.0619744793362327E-012
         982   4.0327806611176399E-012
         983   1.5755403347592300E-011
         984   2.8585394306571417E-012
         985   1.7774984113304443E-011
         986   7.3068303201569238E-012
         987   2.7065515226858472E-012
         988   4.7880077101074691E-012
         989   3.9084463615394546E-012
         990   7.2135470325676715E-011
         991   5.5612084149711033E-012
         992   1.0322379672471911E-011
         993   1.3821035925114420E-012
         994   5.1570015791800886E-012
         995   2.1301484693011102E-012
         996   1.1618510210664998E-012
         997   7.4208937411140648E-012
         998   5.4019726419953475E-012
         999   2.6110448954800688E-012
        1000   3.0305751602440828E-012
